#
# Types known by the JDK
#
CN = 2.5.4.3
C = 2.5.4.6
L = 2.5.4.7
ST = 2.5.4.8
O = 2.5.4.10
OU = 2.5.4.11
T = 2.5.4.12
IP = 1.3.6.1.4.1.42.2.11.2.1
STREET = 2.5.4.9
DC = 0.9.2342.19200300.100.1.25
DNQ = 2.5.4.46
SURNAME = 2.5.4.4
GIVENNAME = 2.5.4.42
INITIALS = 2.5.4.43
GENERATION = 2.5.4.44
EMAILADDRESS = 1.2.840.113549.1.9.1
UID = 0.9.2342.19200300.100.1.1
SERIALNUMBER = 2.5.4.5

#
# Commonly used extra types
#
DESCRIPTION = 2.5.4.13
